1009
 *** 0.00537109375	|	0.002685546875
1013
 *** 0.0029296875	|	0.001953125
1019
 *** 0.003662109375	|	0.001953125
________________________________________

10007
 *** 0.0078125		|	0.005615234375
10009
 *** 0.008544921875	|	0.006103515625
10037
 *** 0.007568359375	|	0.006103515625
________________________________________

100003
 *** 0.031005859375	|	0.016845703125
100019
 *** 0.022705078125	|	0.01708984375
100043
 *** 0.022216796875	|	0.016845703125
________________________________________

1000003
 *** 0.0693359375	|	0.050537109375
1000033
 *** 0.068603515625	|	0.05126953125
1000037
 *** 0.068603515625	|	0.0517578125